Frequency (Hz)	Level (dB)
10.766602	-58.467453
21.533203	-50.645229
32.299805	-46.448612
43.066406	-44.213734
53.833008	-42.665588
64.599609	-42.234283
75.366211	-41.900543
86.132812	-40.729904
96.899414	-40.126362
107.666016	-40.177559
118.432617	-39.144882
129.199219	-38.194920
139.965820	-37.403194
150.732422	-36.650455
161.499023	-36.361961
172.265625	-35.876873
183.032227	-35.616264
193.798828	-35.689514
204.565430	-35.415390
215.332031	-35.383038
226.098633	-35.791004
236.865234	-35.845741
247.631836	-35.385010
258.398438	-35.460514
269.165039	-35.717030
279.931641	-35.098122
290.698242	-34.870010
301.464844	-35.827858
312.231445	-37.046852
322.998047	-37.636681
333.764648	-38.140400
344.531250	-38.383125
355.297852	-38.519199
366.064453	-38.991676
376.831055	-39.258316
387.597656	-39.583694
398.364258	-40.049789
409.130859	-40.210972
419.897461	-40.199043
430.664062	-40.223537
441.430664	-40.414593
452.197266	-40.923859
462.963867	-41.423302
473.730469	-41.672935
484.497070	-41.946842
495.263672	-42.386387
506.030273	-42.489639
516.796875	-42.663921
527.563477	-42.098034
538.330078	-42.163361
549.096680	-42.004776
559.863281	-40.964970
570.629883	-38.757278
581.396484	-37.977257
592.163086	-38.661514
602.929688	-40.421291
613.696289	-42.193554
624.462891	-42.790829
635.229492	-43.532795
645.996094	-44.296585
656.762695	-44.925606
667.529297	-45.638165
678.295898	-46.268520
689.062500	-46.598537
699.829102	-47.053539
710.595703	-47.650429
721.362305	-48.326099
732.128906	-48.659241
742.895508	-48.700825
753.662109	-48.928860
764.428711	-49.166180
775.195312	-49.117558
785.961914	-48.961071
796.728516	-48.725689
807.495117	-48.214973
818.261719	-47.506584
829.028320	-46.266869
839.794922	-45.374321
850.561523	-43.132637
861.328125	-40.646027
872.094727	-39.286827
882.861328	-40.188995
893.627930	-42.268803
904.394531	-44.794468
915.161133	-47.022068
925.927734	-48.532223
936.694336	-49.394474
947.460938	-50.416496
958.227539	-51.359459
968.994141	-51.939209
979.760742	-52.119129
990.527344	-52.751549
1001.293945	-52.866497
1012.060547	-52.932404
1022.827148	-53.053391
1033.593750	-53.468792
1044.360352	-53.142326
1055.126953	-52.866867
1065.893555	-52.303886
1076.660156	-51.605309
1087.426758	-51.023693
1098.193359	-49.959129
1108.959961	-48.818275
1119.726562	-47.386444
1130.493164	-44.772785
1141.259766	-41.772030
1152.026367	-38.985657
1162.792969	-37.637665
1173.559570	-37.839043
1184.326172	-39.480362
1195.092773	-41.750877
1205.859375	-43.288219
1216.625977	-44.810406
1227.392578	-46.430038
1238.159180	-47.616455
1248.925781	-48.776955
1259.692383	-50.166779
1270.458984	-51.404613
1281.225586	-52.072613
1291.992188	-52.481407
1302.758789	-52.741730
1313.525391	-52.940014
1324.291992	-52.812702
1335.058594	-52.854942
1345.825195	-52.647991
1356.591797	-52.165104
1367.358398	-51.706779
1378.125000	-50.788010
1388.891602	-49.777416
1399.658203	-48.304218
1410.424805	-46.615910
1421.191406	-44.293404
1431.958008	-41.756779
1442.724609	-39.241817
1453.491211	-37.472763
1464.257812	-37.293888
1475.024414	-39.891705
1485.791016	-42.747009
1496.557617	-45.097481
1507.324219	-46.786160
1518.090820	-47.896233
1528.857422	-48.574970
1539.624023	-49.468594
1550.390625	-50.209305
1561.157227	-50.868732
1571.923828	-51.239723
1582.690430	-51.087353
1593.457031	-51.280846
1604.223633	-51.098274
1614.990234	-51.448658
1625.756836	-51.416939
1636.523438	-50.998833
1647.290039	-50.148262
1658.056641	-49.494690
1668.823242	-48.479061
1679.589844	-47.710861
1690.356445	-46.391438
1701.123047	-45.226372
1711.889648	-43.179604
1722.656250	-40.401905
1733.422852	-37.843735
1744.189453	-35.865341
1754.956055	-35.861130
1765.722656	-37.797894
1776.489258	-40.313354
1787.255859	-42.534836
1798.022461	-44.014442
1808.789062	-45.214348
1819.555664	-46.401714
1830.322266	-47.178356
1841.088867	-48.509045
1851.855469	-49.210415
1862.622070	-49.260902
1873.388672	-49.330242
1884.155273	-49.540260
1894.921875	-49.425961
1905.688477	-48.996441
1916.455078	-49.320545
1927.221680	-48.928421
1937.988281	-48.068222
1948.754883	-47.199455
1959.521484	-46.192356
1970.288086	-45.077320
1981.054688	-43.455284
1991.821289	-42.055126
2002.587891	-40.620274
2013.354492	-38.420986
2024.121094	-35.439541
2034.887695	-33.225121
2045.654297	-33.148014
2056.420898	-35.310749
2067.187500	-38.183392
2077.954102	-40.401634
2088.720703	-42.379887
2099.487305	-43.628391
2110.253906	-44.504250
2121.020508	-45.112938
2131.787109	-45.622246
2142.553711	-45.743565
2153.320312	-46.176334
2164.086914	-46.333977
2174.853516	-46.490517
2185.620117	-46.483139
2196.386719	-46.065166
2207.153320	-46.112244
2217.919922	-45.848606
2228.686523	-45.298016
2239.453125	-44.384182
2250.219727	-43.491699
2260.986328	-42.374130
2271.752930	-41.696117
2282.519531	-40.071400
2293.286133	-38.071529
2304.052734	-35.683910
2314.819336	-32.839790
2325.585938	-30.602440
2336.352539	-30.911795
2347.119141	-32.830811
2357.885742	-35.477352
2368.652344	-37.461739
2379.418945	-39.460674
2390.185547	-40.203018
2400.952148	-41.114075
2411.718750	-42.221485
2422.485352	-43.130463
2433.251953	-43.238045
2444.018555	-43.601040
2454.785156	-43.676945
2465.551758	-43.770958
2476.318359	-43.839767
2487.084961	-43.637165
2497.851562	-43.313290
2508.618164	-42.861355
2519.384766	-42.860153
2530.151367	-41.977448
2540.917969	-41.219574
2551.684570	-40.087906
2562.451172	-38.752243
2573.217773	-37.279308
2583.984375	-35.924801
2594.750977	-33.652172
2605.517578	-30.450621
2616.284180	-28.442755
2627.050781	-28.695927
2637.817383	-30.649094
2648.583984	-32.707016
2659.350586	-35.009304
2670.117188	-36.951054
2680.883789	-37.752632
2691.650391	-38.775417
2702.416992	-39.347744
2713.183594	-40.219913
2723.950195	-41.115486
2734.716797	-41.360298
2745.483398	-41.134342
2756.250000	-41.292557
2767.016602	-41.375183
2777.783203	-40.971245
2788.549805	-40.906387
2799.316406	-40.371140
2810.083008	-39.946011
2820.849609	-39.688061
2831.616211	-38.973896
2842.382812	-37.817894
2853.149414	-36.284405
2863.916016	-34.611736
2874.682617	-33.030823
2885.449219	-30.840004
2896.215820	-28.469666
2906.982422	-26.936125
2917.749023	-26.600031
2928.515625	-27.504688
2939.282227	-29.612122
2950.048828	-32.089840
2960.815430	-33.739876
2971.582031	-35.163895
2982.348633	-36.151649
2993.115234	-37.075405
3003.881836	-37.802040
3014.648438	-38.225021
3025.415039	-38.479179
3036.181641	-38.685783
3046.948242	-38.558319
3057.714844	-38.824387
3068.481445	-39.085495
3079.248047	-38.792812
3090.014648	-38.749279
3100.781250	-37.834690
3111.547852	-37.264282
3122.314453	-36.277016
3133.081055	-35.354000
3143.847656	-34.282192
3154.614258	-32.954559
3165.380859	-31.257690
3176.147461	-29.408157
3186.914062	-27.285233
3197.680664	-25.406958
3208.447266	-24.989397
3219.213867	-26.498531
3229.980469	-28.671379
3240.747070	-30.386536
3251.513672	-32.226536
3262.280273	-33.481339
3273.046875	-34.595993
3283.813477	-35.461216
3294.580078	-36.386112
3305.346680	-36.990242
3316.113281	-36.990967
3326.879883	-37.468460
3337.646484	-37.628933
3348.413086	-37.657139
3359.179688	-37.488358
3369.946289	-37.245552
3380.712891	-36.994419
3391.479492	-36.637325
3402.246094	-36.323208
3413.012695	-35.706161
3423.779297	-35.164143
3434.545898	-33.636173
3445.312500	-32.738842
3456.079102	-31.246111
3466.845703	-29.087524
3477.612305	-26.802034
3488.378906	-25.609230
3499.145508	-25.324522
3509.912109	-26.334501
3520.678711	-28.253645
3531.445312	-30.149279
3542.211914	-32.041985
3552.978516	-32.949974
3563.745117	-34.083687
3574.511719	-35.384068
3585.278320	-36.034031
3596.044922	-36.636715
3606.811523	-37.112839
3617.578125	-37.400894
3628.344727	-37.789436
3639.111328	-37.569164
3649.877930	-37.445667
3660.644531	-37.498905
3671.411133	-37.437874
3682.177734	-37.410469
3692.944336	-37.012966
3703.710938	-36.300945
3714.477539	-35.625492
3725.244141	-34.451118
3736.010742	-33.099548
3746.777344	-31.823854
3757.543945	-30.224264
3768.310547	-27.853951
3779.077148	-26.128914
3789.843750	-25.785034
3800.610352	-26.914356
3811.376953	-28.672262
3822.143555	-30.742159
3832.910156	-32.627464
3843.676758	-34.203255
3854.443359	-35.309162
3865.209961	-36.185925
3875.976562	-37.169254
3886.743164	-37.708626
3897.509766	-38.009758
3908.276367	-38.717358
3919.042969	-38.685078
3929.809570	-38.678028
3940.576172	-38.722191
3951.342773	-38.786884
3962.109375	-38.091286
3972.875977	-38.158730
3983.642578	-37.624336
3994.409180	-37.066452
4005.175781	-36.387230
4015.942383	-34.904964
4026.708984	-33.781910
4037.475586	-32.609020
4048.242188	-30.845093
4059.008789	-28.848593
4069.775391	-27.249449
4080.541992	-26.490770
4091.308594	-27.500605
4102.075195	-29.438047
4112.841797	-31.768810
4123.608398	-33.619305
4134.375000	-35.222015
4145.141602	-36.480789
4155.908203	-37.071518
4166.674805	-37.622982
4177.441406	-38.165180
4188.208008	-38.769913
4198.974609	-39.541580
4209.741211	-40.016693
4220.507812	-39.821274
4231.274414	-40.233444
4242.041016	-40.145161
4252.807617	-39.720497
4263.574219	-39.225403
4274.340820	-38.982559
4285.107422	-38.712719
4295.874023	-37.595345
4306.640625	-36.558407
4317.407227	-35.181725
4328.173828	-34.074112
4338.940430	-32.067986
4349.707031	-30.904270
4360.473633	-29.414181
4371.240234	-29.061384
4382.006836	-30.876637
4392.773438	-33.063473
4403.540039	-34.902584
4414.306641	-36.673866
4425.073242	-38.296013
4435.839844	-39.481983
4446.606445	-40.628113
4457.373047	-41.392735
4468.139648	-42.104897
4478.906250	-42.830448
4489.672852	-43.199066
4500.439453	-43.601894
4511.206055	-44.427631
4521.972656	-44.522610
4532.739258	-44.519104
4543.505859	-44.088463
4554.272461	-44.073505
4565.039062	-43.915691
4575.805664	-43.424007
4586.572266	-42.984657
4597.338867	-42.380669
4608.105469	-41.249859
4618.872070	-40.152523
4629.638672	-38.785633
4640.405273	-37.081882
4651.171875	-36.191257
4661.938477	-36.927151
4672.705078	-38.614113
4683.471680	-40.600903
4694.238281	-42.709579
4705.004883	-44.798084
4715.771484	-46.606857
4726.538086	-48.039230
4737.304688	-49.186039
4748.071289	-50.466789
4758.837891	-51.315838
4769.604492	-52.353298
4780.371094	-53.430531
4791.137695	-54.095219
4801.904297	-54.709988
4812.670898	-55.137215
4823.437500	-55.728554
4834.204102	-56.123196
4844.970703	-56.160675
4855.737305	-56.360851
4866.503906	-56.352448
4877.270508	-56.251228
4888.037109	-55.703659
4898.803711	-55.370590
4909.570312	-54.658524
4920.336914	-53.901299
4931.103516	-52.912029
4941.870117	-52.244549
4952.636719	-52.885624
4963.403320	-54.979118
4974.169922	-57.781609
4984.936523	-60.289253
4995.703125	-62.596313
5006.469727	-64.500114
5017.236328	-66.802589
5028.002930	-68.390190
5038.769531	-69.365723
5049.536133	-70.789520
5060.302734	-72.020737
5071.069336	-72.916977
5081.835938	-73.764877
5092.602539	-74.063721
5103.369141	-74.339844
5114.135742	-74.675125
5124.902344	-74.316330
5135.668945	-74.287758
5146.435547	-73.994980
5157.202148	-73.041885
5167.968750	-71.985649
5178.735352	-71.216347
5189.501953	-70.006424
5200.268555	-68.830681
5211.035156	-67.685555
5221.801758	-67.121117
5232.568359	-66.998894
5243.334961	-67.833420
5254.101562	-69.927414
5264.868164	-72.670837
5275.634766	-74.932961
5286.401367	-77.947548
5297.167969	-81.031128
5307.934570	-83.591255
5318.701172	-86.959160
5329.467773	-90.598740
5340.234375	-94.087166
5351.000977	-97.713058
5361.767578	-101.576752
5372.534180	-106.195564
5383.300781	-110.962929
5394.067383	-115.246056
5404.833984	-120.123215
5415.600586	-125.714912
5426.367188	-131.694870
5437.133789	-137.712006
5447.900391	-142.544006
5458.666992	-146.135330
5469.433594	-147.576080
5480.200195	-147.996780
5490.966797	-148.270660
5501.733398	-148.423981
