Frequency (Hz)	Level (dB)
10.766602	-72.477409
21.533203	-64.650032
32.299805	-59.448761
43.066406	-56.026691
53.833008	-54.492886
64.599609	-53.890865
75.366211	-53.211514
86.132812	-52.977154
96.899414	-52.765350
107.666016	-52.389416
118.432617	-52.557682
129.199219	-52.769493
139.965820	-52.908176
150.732422	-53.239433
161.499023	-53.259781
172.265625	-53.101856
183.032227	-53.275703
193.798828	-53.737068
204.565430	-54.115952
215.332031	-54.564358
226.098633	-54.197636
236.865234	-53.775036
247.631836	-52.885647
258.398438	-52.366928
269.165039	-51.901325
279.931641	-50.786919
290.698242	-49.330902
301.464844	-47.372578
312.231445	-45.556492
322.998047	-44.624714
333.764648	-43.757473
344.531250	-43.429123
355.297852	-44.445660
366.064453	-45.974339
376.831055	-48.059929
387.597656	-50.200726
398.364258	-51.832077
409.130859	-52.742603
419.897461	-53.994831
430.664062	-54.630840
441.430664	-54.908386
452.197266	-55.590248
462.963867	-56.179893
473.730469	-56.473701
484.497070	-56.889713
495.263672	-56.664440
506.030273	-56.712246
516.796875	-56.607185
527.563477	-56.249516
538.330078	-56.223358
549.096680	-55.383247
559.863281	-54.967052
570.629883	-54.426350
581.396484	-53.707798
592.163086	-53.149666
602.929688	-51.726101
613.696289	-50.036880
624.462891	-48.302673
635.229492	-46.291355
645.996094	-44.724026
656.762695	-44.320263
667.529297	-44.198711
678.295898	-43.617779
689.062500	-43.714897
699.829102	-43.868576
710.595703	-45.274315
721.362305	-47.070854
732.128906	-48.915180
742.895508	-50.543629
753.662109	-52.084728
764.428711	-52.908447
775.195312	-53.538330
785.961914	-54.014275
796.728516	-54.546185
807.495117	-54.823742
818.261719	-54.856609
829.028320	-55.167919
839.794922	-55.526489
850.561523	-55.094395
861.328125	-54.517796
872.094727	-54.911968
882.861328	-54.458126
893.627930	-53.505482
904.394531	-52.777393
915.161133	-51.898735
925.927734	-50.162632
936.694336	-48.508286
947.460938	-47.223553
958.227539	-45.957714
968.994141	-45.035789
979.760742	-44.071304
990.527344	-44.266792
1001.293945	-44.360947
1012.060547	-43.703861
1022.827148	-43.047253
1033.593750	-43.032555
1044.360352	-42.696362
1055.126953	-43.289253
1065.893555	-44.688248
1076.660156	-45.457970
1087.426758	-47.493385
1098.193359	-48.973110
1108.959961	-50.104664
1119.726562	-51.360806
1130.493164	-52.174423
1141.259766	-52.887390
1152.026367	-53.464787
1162.792969	-53.955009
1173.559570	-54.457451
1184.326172	-54.155357
1195.092773	-53.584095
1205.859375	-53.434517
1216.625977	-52.681374
1227.392578	-51.257488
1238.159180	-50.173916
1248.925781	-48.728237
1259.692383	-46.105610
1270.458984	-45.387691
1281.225586	-44.310265
1291.992188	-43.912609
1302.758789	-43.352516
1313.525391	-43.533241
1324.291992	-43.498234
1335.058594	-43.384193
1345.825195	-43.161510
1356.591797	-43.282322
1367.358398	-42.964523
1378.125000	-42.407055
1388.891602	-42.895451
1399.658203	-43.050617
1410.424805	-43.638912
1421.191406	-44.635792
1431.958008	-46.065128
1442.724609	-47.932251
1453.491211	-49.729195
1464.257812	-50.017029
1475.024414	-50.905754
1485.791016	-51.436066
1496.557617	-51.323570
1507.324219	-51.152180
1518.090820	-51.089878
1528.857422	-50.280193
1539.624023	-49.781872
1550.390625	-49.111168
1561.157227	-47.867931
1571.923828	-46.355152
1582.690430	-44.258858
1593.457031	-43.854290
1604.223633	-43.228413
1614.990234	-43.471848
1625.756836	-43.926815
1636.523438	-43.583488
1647.290039	-42.726101
1658.056641	-42.677826
1668.823242	-41.910297
1679.589844	-41.910576
1690.356445	-41.470142
1701.123047	-41.601147
1711.889648	-41.699181
1722.656250	-41.078201
1733.422852	-40.370430
1744.189453	-40.242599
1754.956055	-40.572865
1765.722656	-41.799534
1776.489258	-42.993492
1787.255859	-44.534721
1798.022461	-45.999874
1808.789062	-46.754925
1819.555664	-47.552773
1830.322266	-47.337139
1841.088867	-48.102295
1851.855469	-48.089657
1862.622070	-46.526653
1873.388672	-44.452782
1884.155273	-43.569290
1894.921875	-42.516895
1905.688477	-41.211456
1916.455078	-40.828079
1927.221680	-41.020020
1937.988281	-40.855000
1948.754883	-40.825947
1959.521484	-40.637711
1970.288086	-40.149616
1981.054688	-39.276497
1991.821289	-39.143692
2002.587891	-38.987041
2013.354492	-38.704178
2024.121094	-38.826897
2034.887695	-39.050312
2045.654297	-38.860199
2056.420898	-38.886543
2067.187500	-39.153679
2077.954102	-39.054314
2088.720703	-39.232010
2099.487305	-39.212036
2110.253906	-38.707844
2121.020508	-39.366215
2131.787109	-41.374557
2142.553711	-42.166172
2153.320312	-42.912170
2164.086914	-43.396694
2174.853516	-43.274113
2185.620117	-42.181446
2196.386719	-40.780464
2207.153320	-39.681705
2217.919922	-38.937794
2228.686523	-38.174232
2239.453125	-38.175957
2250.219727	-37.708153
2260.986328	-36.616417
2271.752930	-37.675240
2282.519531	-38.243153
2293.286133	-38.163570
2304.052734	-37.592918
2314.819336	-37.436802
2325.585938	-36.899395
2336.352539	-37.029213
2347.119141	-36.932938
2357.885742	-36.701931
2368.652344	-36.932259
2379.418945	-37.020432
2390.185547	-36.346592
2400.952148	-36.195957
2411.718750	-36.295902
2422.485352	-36.490097
2433.251953	-35.776871
2444.018555	-36.601723
2454.785156	-36.307869
2465.551758	-36.081867
2476.318359	-37.018234
2487.084961	-37.623024
2497.851562	-38.295052
2508.618164	-37.512611
2519.384766	-37.451946
2530.151367	-37.599415
2540.917969	-37.452396
2551.684570	-36.671886
2562.451172	-35.896187
2573.217773	-36.255718
2583.984375	-36.965370
2594.750977	-36.787769
2605.517578	-35.636238
2616.284180	-34.968929
2627.050781	-34.987553
2637.817383	-35.322563
2648.583984	-34.355137
2659.350586	-35.098915
2670.117188	-35.255604
2680.883789	-34.766014
2691.650391	-34.947144
2702.416992	-34.110950
2713.183594	-34.625008
2723.950195	-35.371281
2734.716797	-35.411465
2745.483398	-34.077053
2756.250000	-33.390110
2767.016602	-33.949375
2777.783203	-33.672638
2788.549805	-33.560806
2799.316406	-34.143944
2810.083008	-33.983768
2820.849609	-33.735889
2831.616211	-33.780190
2842.382812	-34.643345
2853.149414	-34.283722
2863.916016	-33.181911
2874.682617	-33.797913
2885.449219	-34.267838
2896.215820	-34.425812
2906.982422	-35.346447
2917.749023	-34.889778
2928.515625	-33.981403
2939.282227	-33.893608
2950.048828	-34.595810
2960.815430	-34.500256
2971.582031	-34.610184
2982.348633	-34.096119
2993.115234	-34.003139
3003.881836	-33.702065
3014.648438	-34.012527
3025.415039	-34.369087
3036.181641	-34.308472
3046.948242	-33.731586
3057.714844	-33.891212
3068.481445	-34.085323
3079.248047	-33.568123
3090.014648	-34.129498
3100.781250	-33.428238
3111.547852	-32.811584
3122.314453	-32.454121
3133.081055	-32.508266
3143.847656	-32.255695
3154.614258	-31.751970
3165.380859	-30.850779
3176.147461	-31.725674
3186.914062	-33.253597
3197.680664	-34.049835
3208.447266	-33.544735
3219.213867	-33.494781
3229.980469	-34.192123
3240.747070	-33.968761
3251.513672	-34.530014
3262.280273	-34.266582
3273.046875	-34.402733
3283.813477	-34.037891
3294.580078	-34.708294
3305.346680	-35.060123
3316.113281	-34.124039
3326.879883	-34.040462
3337.646484	-33.997444
3348.413086	-34.206894
3359.179688	-34.277081
3369.946289	-33.780716
3380.712891	-33.511051
3391.479492	-32.879776
3402.246094	-32.822556
3413.012695	-32.981216
3423.779297	-32.969341
3434.545898	-32.417744
3445.312500	-32.796524
3456.079102	-32.776016
3466.845703	-31.675119
3477.612305	-31.486185
3488.378906	-32.127998
3499.145508	-31.903170
3509.912109	-31.669550
3520.678711	-31.914740
3531.445312	-32.272465
3542.211914	-33.128017
3552.978516	-33.585056
3563.745117	-33.780533
3574.511719	-33.613983
3585.278320	-34.332745
3596.044922	-34.808800
3606.811523	-34.807751
3617.578125	-34.605564
3628.344727	-34.836182
3639.111328	-34.347515
3649.877930	-33.612984
3660.644531	-33.697582
3671.411133	-33.625587
3682.177734	-34.243004
3692.944336	-34.975044
3703.710938	-34.806065
3714.477539	-35.028095
3725.244141	-34.717720
3736.010742	-34.156250
3746.777344	-33.479279
3757.543945	-33.827240
3768.310547	-32.929897
3779.077148	-32.958431
3789.843750	-33.159473
3800.610352	-32.638573
3811.376953	-32.248199
3822.143555	-32.371433
3832.910156	-32.134232
3843.676758	-32.910782
3854.443359	-32.878265
3865.209961	-32.738514
3875.976562	-33.543777
3886.743164	-34.547096
3897.509766	-34.629456
3908.276367	-35.250504
3919.042969	-35.306705
3929.809570	-35.153694
3940.576172	-35.247314
3951.342773	-35.043697
3962.109375	-34.650845
3972.875977	-35.092243
3983.642578	-35.426922
3994.409180	-35.788803
4005.175781	-36.232277
4015.942383	-35.897919
4026.708984	-35.560555
4037.475586	-35.600098
4048.242188	-35.788986
4059.008789	-35.648659
4069.775391	-35.126732
4080.541992	-34.661728
4091.308594	-32.900116
4102.075195	-33.070889
4112.841797	-33.503227
4123.608398	-33.616116
4134.375000	-33.519775
4145.141602	-33.509453
4155.908203	-33.340717
4166.674805	-33.090397
4177.441406	-33.450912
4188.208008	-33.640141
4198.974609	-33.907845
4209.741211	-33.351364
4220.507812	-33.511429
4231.274414	-34.531906
4242.041016	-35.091370
4252.807617	-35.095638
4263.574219	-35.208652
4274.340820	-36.410660
4285.107422	-36.743851
4295.874023	-36.640778
4306.640625	-36.347748
4317.407227	-35.816185
4328.173828	-36.804832
4338.940430	-36.936790
4349.707031	-37.636974
4360.473633	-37.532852
4371.240234	-36.920467
4382.006836	-37.425507
4392.773438	-36.277100
4403.540039	-35.991936
4414.306641	-36.706070
4425.073242	-37.201431
4435.839844	-36.881153
4446.606445	-36.479630
4457.373047	-36.403435
4468.139648	-36.997562
4478.906250	-37.241737
4489.672852	-37.307510
4500.439453	-37.356705
4511.206055	-38.439114
4521.972656	-38.879368
4532.739258	-39.058376
4543.505859	-38.162231
4554.272461	-38.302807
4565.039062	-39.149464
4575.805664	-39.722782
4586.572266	-39.880539
4597.338867	-41.273342
4608.105469	-42.255863
4618.872070	-42.737633
4629.638672	-43.558853
4640.405273	-43.726196
4651.171875	-43.843967
4661.938477	-44.836639
4672.705078	-44.823135
4683.471680	-44.617088
4694.238281	-45.139530
4705.004883	-45.760342
4715.771484	-45.985188
4726.538086	-46.377594
4737.304688	-45.824116
4748.071289	-46.392750
4758.837891	-46.675896
4769.604492	-46.622169
4780.371094	-47.701645
4791.137695	-48.087467
4801.904297	-48.980045
4812.670898	-49.355576
4823.437500	-49.886509
4834.204102	-50.787464
4844.970703	-51.178024
4855.737305	-51.491383
4866.503906	-52.112652
4877.270508	-53.206932
4888.037109	-53.980003
4898.803711	-55.276665
4909.570312	-55.829105
4920.336914	-56.861202
4931.103516	-57.883987
4941.870117	-59.116787
4952.636719	-59.725117
4963.403320	-60.609138
4974.169922	-61.588573
4984.936523	-61.996548
4995.703125	-61.479210
5006.469727	-62.134052
5017.236328	-64.152138
5028.002930	-63.610363
5038.769531	-63.047352
5049.536133	-63.890171
5060.302734	-64.203629
5071.069336	-64.875626
5081.835938	-65.454330
5092.602539	-65.353851
5103.369141	-65.378426
5114.135742	-66.299797
5124.902344	-66.708656
5135.668945	-66.408356
5146.435547	-66.447838
5157.202148	-66.607651
5167.968750	-66.625496
5178.735352	-66.931396
5189.501953	-67.138969
5200.268555	-66.699257
5211.035156	-67.015038
5221.801758	-67.635201
5232.568359	-68.593277
5243.334961	-69.334602
5254.101562	-69.701248
5264.868164	-70.615128
5275.634766	-72.282227
5286.401367	-73.863426
5297.167969	-75.238663
5307.934570	-77.581558
5318.701172	-80.772659
5329.467773	-83.520126
5340.234375	-85.732513
5351.000977	-89.501877
5361.767578	-93.356941
5372.534180	-97.121346
5383.300781	-102.152527
5394.067383	-106.621361
5404.833984	-111.824265
5415.600586	-117.422913
5426.367188	-123.464088
5437.133789	-130.741684
5447.900391	-137.656586
5458.666992	-143.660645
5469.433594	-146.981781
5480.200195	-148.081818
5490.966797	-148.463974
5501.733398	-148.681000
