Frequency (Hz)	Level (dB)
10.766602	-38.855221
21.533203	-32.651577
32.299805	-29.738092
43.066406	-29.833534
53.833008	-31.803885
64.599609	-33.775295
75.366211	-36.121120
86.132812	-38.560318
96.899414	-40.790257
107.666016	-42.420105
118.432617	-43.692745
129.199219	-44.792336
139.965820	-46.774570
150.732422	-48.651787
161.499023	-49.942341
172.265625	-50.961533
183.032227	-52.464031
193.798828	-53.785069
204.565430	-54.624317
215.332031	-55.981682
226.098633	-56.926414
236.865234	-57.782055
247.631836	-58.670986
258.398438	-59.322315
269.165039	-60.453831
279.931641	-61.240112
290.698242	-61.923035
301.464844	-62.907101
312.231445	-63.411427
322.998047	-63.784386
333.764648	-64.278748
344.531250	-64.975327
355.297852	-66.005249
366.064453	-66.751381
376.831055	-66.882950
387.597656	-67.142761
398.364258	-67.453369
409.130859	-67.042557
419.897461	-67.141937
430.664062	-67.011681
441.430664	-66.555435
452.197266	-66.496033
462.963867	-66.200867
473.730469	-65.681320
484.497070	-65.334305
495.263672	-64.818352
506.030273	-64.364426
516.796875	-64.047554
527.563477	-63.528538
538.330078	-63.107430
549.096680	-62.250053
559.863281	-61.985161
570.629883	-62.115143
581.396484	-62.083328
592.163086	-61.621651
602.929688	-61.332249
613.696289	-60.896580
624.462891	-60.604477
635.229492	-60.051334
645.996094	-59.177162
656.762695	-58.947010
667.529297	-58.960655
678.295898	-57.818851
689.062500	-57.305897
699.829102	-56.881996
710.595703	-56.375664
721.362305	-55.664608
732.128906	-54.851238
742.895508	-54.035503
753.662109	-53.015594
764.428711	-51.521782
775.195312	-50.337147
785.961914	-48.952114
796.728516	-47.549881
807.495117	-46.040707
818.261719	-45.405308
829.028320	-45.673744
839.794922	-46.258869
850.561523	-47.181057
861.328125	-48.068375
872.094727	-49.813984
882.861328	-51.258209
893.627930	-52.325508
904.394531	-53.475170
915.161133	-54.290203
925.927734	-54.889217
936.694336	-55.485432
947.460938	-56.559216
958.227539	-57.081207
968.994141	-57.814938
979.760742	-57.877003
990.527344	-58.806061
1001.293945	-59.428604
1012.060547	-59.709129
1022.827148	-59.890968
1033.593750	-60.578232
1044.360352	-60.946735
1055.126953	-60.906471
1065.893555	-60.945335
1076.660156	-61.043797
1087.426758	-61.303062
1098.193359	-61.293297
1108.959961	-61.491951
1119.726562	-61.969067
1130.493164	-61.930958
1141.259766	-61.845673
1152.026367	-61.959641
1162.792969	-62.247471
1173.559570	-62.653008
1184.326172	-62.636871
1195.092773	-62.461971
1205.859375	-62.477379
1216.625977	-62.663277
1227.392578	-62.252468
1238.159180	-62.061729
1248.925781	-62.026909
1259.692383	-61.953571
1270.458984	-62.188526
1281.225586	-61.854210
1291.992188	-61.894226
1302.758789	-61.780342
1313.525391	-61.745064
1324.291992	-61.654129
1335.058594	-61.513153
1345.825195	-61.524876
1356.591797	-61.333031
1367.358398	-61.192276
1378.125000	-60.810188
1388.891602	-60.523441
1399.658203	-60.183132
1410.424805	-59.987556
1421.191406	-59.364414
1431.958008	-59.046326
1442.724609	-58.845329
1453.491211	-58.993553
1464.257812	-57.909977
1475.024414	-57.594349
1485.791016	-57.437740
1496.557617	-56.921417
1507.324219	-56.103424
1518.090820	-55.693775
1528.857422	-54.659130
1539.624023	-54.009022
1550.390625	-53.682648
1561.157227	-52.721012
1571.923828	-51.931492
1582.690430	-50.826302
1593.457031	-49.763332
1604.223633	-48.376141
1614.990234	-47.804993
1625.756836	-46.931961
1636.523438	-45.944057
1647.290039	-44.904858
1658.056641	-44.544983
1668.823242	-44.566410
1679.589844	-45.199215
1690.356445	-45.825764
1701.123047	-47.131012
1711.889648	-48.377560
1722.656250	-48.944736
1733.422852	-49.752495
1744.189453	-50.833843
1754.956055	-51.367584
1765.722656	-52.173283
1776.489258	-52.637810
1787.255859	-53.159901
1798.022461	-53.395981
1808.789062	-53.821117
1819.555664	-54.541901
1830.322266	-54.652596
1841.088867	-55.709637
1851.855469	-56.632156
1862.622070	-56.592701
1873.388672	-56.649384
1884.155273	-57.025501
1894.921875	-57.164112
1905.688477	-56.958309
1916.455078	-57.787457
1927.221680	-58.253185
1937.988281	-58.321056
1948.754883	-58.147160
1959.521484	-57.960762
1970.288086	-58.026829
1981.054688	-57.700405
1991.821289	-57.820564
2002.587891	-58.324669
2013.354492	-58.779819
2024.121094	-58.371780
2034.887695	-58.431297
2045.654297	-58.644047
2056.420898	-58.915928
2067.187500	-59.092308
2077.954102	-59.206860
2088.720703	-59.373066
2099.487305	-59.220585
2110.253906	-58.847519
2121.020508	-58.627090
2131.787109	-58.587185
2142.553711	-57.858871
2153.320312	-57.645355
2164.086914	-57.551731
2174.853516	-57.573002
2185.620117	-57.609573
2196.386719	-57.035297
2207.153320	-57.260452
2217.919922	-57.100052
2228.686523	-56.734055
2239.453125	-56.420994
2250.219727	-56.123898
2260.986328	-55.413994
2271.752930	-56.075310
2282.519531	-55.683289
2293.286133	-55.084190
2304.052734	-54.556427
2314.819336	-54.058147
2325.585938	-53.268955
2336.352539	-53.052547
2347.119141	-52.371143
2357.885742	-51.793617
2368.652344	-51.239052
2379.418945	-50.926628
2390.185547	-49.567497
2400.952148	-48.862465
2411.718750	-48.306805
2422.485352	-47.685726
2433.251953	-46.678822
2444.018555	-46.118088
2454.785156	-44.539703
2465.551758	-43.344707
2476.318359	-42.668941
2487.084961	-42.137501
2497.851562	-41.650063
2508.618164	-41.326283
2519.384766	-42.327820
2530.151367	-43.045227
2540.917969	-43.831390
2551.684570	-44.533306
2562.451172	-45.618477
2573.217773	-46.651150
2583.984375	-47.831875
2594.750977	-48.759808
2605.517578	-48.772114
2616.284180	-48.989990
2627.050781	-49.960289
2637.817383	-50.824772
2648.583984	-50.978283
2659.350586	-51.747017
2670.117188	-52.174152
2680.883789	-51.725132
2691.650391	-52.189568
2702.416992	-52.295208
2713.183594	-53.056564
2723.950195	-53.846645
2734.716797	-54.097710
2745.483398	-53.617882
2756.250000	-53.799328
2767.016602	-54.085041
2777.783203	-54.022938
2788.549805	-54.386101
2799.316406	-54.493988
2810.083008	-54.641502
2820.849609	-54.918987
2831.616211	-55.037220
2842.382812	-55.224689
2853.149414	-54.930687
2863.916016	-54.431301
2874.682617	-54.750832
2885.449219	-55.127510
2896.215820	-54.792568
2906.982422	-55.059147
2917.749023	-54.859798
2928.515625	-54.318810
2939.282227	-54.174110
2950.048828	-54.497078
2960.815430	-54.359680
2971.582031	-54.673206
2982.348633	-54.368202
2993.115234	-54.472210
3003.881836	-54.244991
3014.648438	-53.893204
3025.415039	-53.553894
3036.181641	-53.289062
3046.948242	-52.776722
3057.714844	-52.992203
3068.481445	-53.372234
3079.248047	-52.790161
3090.014648	-52.957016
3100.781250	-52.081078
3111.547852	-51.669067
3122.314453	-51.195000
3133.081055	-50.990597
3143.847656	-50.678848
3154.614258	-50.222862
3165.380859	-49.653835
3176.147461	-49.460377
3186.914062	-48.943470
3197.680664	-48.186432
3208.447266	-47.239437
3219.213867	-46.913090
3229.980469	-46.112434
3240.747070	-45.140656
3251.513672	-44.920330
3262.280273	-44.015018
3273.046875	-43.452126
3283.813477	-42.633965
3294.580078	-41.926052
3305.346680	-41.064842
3316.113281	-40.086456
3326.879883	-39.676773
3337.646484	-39.478710
3348.413086	-39.588348
3359.179688	-39.840744
3369.946289	-40.257286
3380.712891	-41.085663
3391.479492	-41.872372
3402.246094	-43.068268
3413.012695	-43.755825
3423.779297	-44.750317
3434.545898	-44.905006
3445.312500	-45.630959
3456.079102	-46.485287
3466.845703	-46.823544
3477.612305	-47.049240
3488.378906	-47.893093
3499.145508	-48.724674
3509.912109	-49.044281
3520.678711	-49.245567
3531.445312	-49.535599
3542.211914	-50.073212
3552.978516	-50.006958
3563.745117	-50.161015
3574.511719	-50.445244
3585.278320	-50.790920
3596.044922	-51.122227
3606.811523	-51.249954
3617.578125	-51.267200
3628.344727	-51.648468
3639.111328	-51.687061
3649.877930	-51.701172
3660.644531	-51.828926
3671.411133	-52.171337
3682.177734	-52.588402
3692.944336	-52.793797
3703.710938	-52.593712
3714.477539	-52.742443
3725.244141	-52.685898
3736.010742	-52.515736
3746.777344	-52.505573
3757.543945	-52.909836
3768.310547	-52.656734
3779.077148	-52.635246
3789.843750	-52.616238
3800.610352	-52.445763
3811.376953	-52.376945
3822.143555	-52.302792
3832.910156	-52.291252
3843.676758	-52.485443
3854.443359	-52.416393
3865.209961	-52.108955
3875.976562	-52.016266
3886.743164	-51.623375
3897.509766	-51.521923
3908.276367	-51.654331
3919.042969	-51.290588
3929.809570	-50.879360
3940.576172	-50.588520
3951.342773	-50.376110
3962.109375	-49.589672
3972.875977	-49.786396
3983.642578	-49.403854
3994.409180	-49.379578
4005.175781	-48.896191
4015.942383	-48.199654
4026.708984	-47.762398
4037.475586	-47.559029
4048.242188	-47.293301
4059.008789	-46.529926
4069.775391	-45.991661
4080.541992	-45.256615
4091.308594	-44.168423
4102.075195	-43.636673
4112.841797	-43.068943
4123.608398	-42.483891
4134.375000	-41.802998
4145.141602	-41.043812
4155.908203	-40.344971
4166.674805	-39.810455
4177.441406	-39.750420
4188.208008	-40.121292
4198.974609	-40.872921
4209.741211	-41.590023
4220.507812	-42.215500
4231.274414	-43.403355
4242.041016	-44.560230
4252.807617	-45.328972
4263.574219	-45.771015
4274.340820	-46.710075
4285.107422	-47.792484
4295.874023	-48.131340
4306.640625	-48.715107
4317.407227	-49.256527
4328.173828	-50.217403
4338.940430	-50.489799
4349.707031	-51.409508
4360.473633	-52.305534
4371.240234	-52.551022
4382.006836	-53.520874
4392.773438	-53.958298
4403.540039	-54.212494
4414.306641	-54.639282
4425.073242	-55.458755
4435.839844	-55.621460
4446.606445	-56.042606
4457.373047	-56.147484
4468.139648	-56.614861
4478.906250	-57.150574
4489.672852	-57.418228
4500.439453	-57.858410
4511.206055	-58.751957
4521.972656	-58.921497
4532.739258	-59.189541
4543.505859	-59.197453
4554.272461	-59.883484
4565.039062	-60.147411
4575.805664	-60.495049
4586.572266	-60.909946
4597.338867	-61.371044
4608.105469	-61.561172
4618.872070	-61.885494
4629.638672	-62.648479
4640.405273	-62.937763
4651.171875	-63.199657
4661.938477	-63.726139
4672.705078	-64.069664
4683.471680	-64.177818
4694.238281	-64.568871
4705.004883	-65.098198
4715.771484	-65.616997
4726.538086	-65.773018
4737.304688	-65.634254
4748.071289	-66.370842
4758.837891	-66.561241
4769.604492	-66.943367
4780.371094	-67.605675
4791.137695	-67.714577
4801.904297	-68.056427
4812.670898	-68.342644
4823.437500	-68.462303
4834.204102	-68.704750
4844.970703	-69.138565
4855.737305	-69.606873
4866.503906	-70.050049
4877.270508	-70.327370
4888.037109	-70.320175
4898.803711	-70.896729
4909.570312	-71.189034
4920.336914	-71.542709
4931.103516	-71.413864
4941.870117	-71.369522
4952.636719	-71.132301
4963.403320	-71.149010
4974.169922	-71.924858
4984.936523	-72.336700
4995.703125	-72.499855
5006.469727	-72.915245
5017.236328	-74.526146
5028.002930	-75.542580
5038.769531	-76.333786
5049.536133	-77.681412
5060.302734	-79.406036
5071.069336	-81.155304
5081.835938	-83.111351
5092.602539	-84.564346
5103.369141	-86.060585
5114.135742	-87.492821
5124.902344	-89.019341
5135.668945	-90.398727
5146.435547	-91.396912
5157.202148	-91.752220
5167.968750	-92.197784
5178.735352	-93.236473
5189.501953	-93.941200
5200.268555	-94.420631
5211.035156	-95.343864
5221.801758	-96.120346
5232.568359	-96.955200
5243.334961	-97.307014
5254.101562	-98.215271
5264.868164	-99.757362
5275.634766	-101.239059
5286.401367	-103.145264
5297.167969	-105.202499
5307.934570	-107.039230
5318.701172	-109.482399
5329.467773	-112.496468
5340.234375	-115.556854
5351.000977	-118.639221
5361.767578	-121.990990
5372.534180	-126.403877
5383.300781	-130.757294
5394.067383	-135.240265
5404.833984	-140.813889
5415.600586	-146.251648
5426.367188	-152.954773
5437.133789	-158.233322
5447.900391	-161.792664
5458.666992	-163.617142
5469.433594	-163.926773
5480.200195	-163.721024
5490.966797	-164.055023
5501.733398	-164.326279
