Time    Temp 
====================
  0.00      24.200
  1.00      24.196
  2.00      24.194
  3.00      24.192
  4.00      24.189
  5.00      24.190
  5.25      24.200
  5.50      24.431
  5.75      24.788
  6.00      25.173
  6.25      25.527
  6.50      25.836
  6.75      26.097
  7.00      26.312
  7.25      26.484
  7.50      26.623
  7.75      26.729
  8.00      26.816
  9.00      27.009
 10.00      27.073
 11.00      27.072
 12.00      27.066
 13.00      27.058
 14.00      27.052
 15.00      27.045
 16.00      27.039
 17.00      27.032
 18.00      27.026
