Time    Temp 
====================
  0.00      24.100
  1.00      24.099
  2.00      24.097
  3.00      24.095
  4.00      24.095
  5.00      24.094
  5.25      24.109
  5.50      24.376
  5.75      24.789
  6.00      25.229
  6.25      25.638
  6.50      25.999
  6.75      26.299
  7.00      26.545
  7.25      26.743
  7.50      26.903
  7.75      27.030
  8.00      27.126
  9.00      27.349
 10.00      27.428
 11.00      27.424
 12.00      27.420
 13.00      27.414
 14.00      27.408
 15.00      27.402
 16.00      27.396
 17.00      27.391
 18.00      27.384
