Time    Temp 
====================
  0.00      24.400
  1.00      24.399
  2.00      24.397
  3.00      24.398
  4.00      24.397
  5.00      24.394
  5.25      24.401
  5.50      24.505
  5.75      24.666
  6.00      24.843
  6.25      25.004
  6.50      25.143
  6.75      25.263
  7.00      25.360
  7.25      25.436
  7.50      25.499
  7.75      25.548
  8.00      25.588
  9.00      25.673
 10.00      25.703
 11.00      25.704
 12.00      25.700
 13.00      25.698
 14.00      25.696
 15.00      25.691
 16.00      25.686
 17.00      25.684
 18.00      25.680
